0
1
2
3
4
5
6
7
8
9
10
11
12
13
14
15
16
17
18
19
20
21
22
23
24
25
26
27
28
29
30
31
32
33
34
35
36
37
38
39
40
41
42
43
44
45
46
47
48
49
50
51
52
53
54
55
56
57
58
59
60
61
62
63
64
65
66
67
68
69
70
71
72
73
74
75
76
77
78
79
80
81
82
83
84
85
86
87
88
89
90
91
92
93
94
95
96
97
98
99
100
101
102
103
104
105
106
107
108
109
110
111
112
113
114
115
116
117
118
119
120
121
122
123
124
125
126
288
289
290
291
292
293
294
295
296
297
298
299
300
301
302
303
304
305
306
307
1650
1651
1652
1653
1654
1655
1656
1657
1658
1659
1660
1661
1662
1663
1664
1665
2803
3008
3009
3010
3011
3012
3013
3014
3015
3016
3017
3018
3019
3020
3021
3022
3023
4365
4366
4367
4368
4369
4370
4371
4372
4373
4374
4375
4376
4377
4378
4379
4380
5724
5725
5726
5727
5728
5729
5730
5731
5732
5733
5734
5735
5736
5737
5738
5972
6147
7095
7096
7097
7098
7100
7104
7106
7108
7109
7110
7111
7113
7115
7116
7118
7119
7122
7125
7126
7127
7128
7129
7130
7131
7132
7135
7136
7139
7141
7142
7143
7144
7145
7146
7147
7148
7149
7150
7153
7158
7159
7160
7162
7165
7166
7169
7170
7172
7173
7176
7177
7178
7179
7180
7182
7183
7184
7185
7186
7187
7188
7189
7192
7194
7195
7197
7201
7203
7204
7205
7206
7208
7210
7211
7212
7215
7218
7219
7221
7223
7224
7226
7229
7231
7232
7233
7236
7237
7238
7240
7242
7245
7246
7247
7249
7250
7252
7253
7254
7255
7256
7259
7262
7263
7264
7265
7267
7268
7269
7270
7271
7273
7274
7276
7277
7278
7279
7281
7282
7283
7285
7286
7287
7289
7290
7292
7296
7297
7298
7299
7302
7303
7304
7305
7307
7308
7309
7310
7311
7312
7313
7315
7317
7319
7320
7321
7322
7323
7325
7328
7329
7331
7332
7333
7334
7335
7338
7339
7340
7341
7342
7344
7347
7348
7349
7355
7357
7359
7360
7361
7362
7363
7364
7366
7368
7369
7370
7371
7372
7376
7377
7378
7379
7380
7383
7384
7386
7387
7388
7389
7390
7393
7396
7397
7400
7401
7402
7403
7404
7405
7407
7409
7411
7413
7414
7415
7418
7419
7420
7421
7423
7424
7425
7426
7429
7431
7432
7434
7436
7439
7441
7443
7444
7445
7446
7447
7450
7451
7452
7454
7455
7456
7457
7458
7459
7463
7464
7465
7466
7469
7473
7476
7477
7478
7479
7483
7485
7490
7492
7494
7495
7496
7498
7499
7501
7502
7504
7507
7509
7510
7512
7513
7514
7516
7518
7519
7521
7522
7523
7524
7525
7526
7527
7528
7529
7530
7531
7532
7533
7534
7535
7536
7537
7538
7539
7540
7541
7542
7543
7544
7545
7801
8440
8888
8889
8890
8891
8892
8893
8894
8895
8896
8897
8898
8899
8900
8901
8902
8903
8904
8905
9302
10214
10215
10216
10217
10218
10219
10220
10221
10222
10223
10224
10225
10226
10227
10228
10229
10230
141
142
143
144
145
146
147
148
149
150
151
152
153
154
155
156
157
1504
1505
1506
1507
1508
1509
1510
1511
1512
1513
1514
1515
1516
1517
1518
2706
2707
2708
2709
2710
2711
2712
2713
2714
2715
2716
2717
2718
2719
2720
